-0.0276529699290908 0.00165925175594268 0.100500123907011
-0.00539205715947015 -0.027496478530703 0.100099345723586
0.0205088156646944 0.0205469916327743 0.101350296711521
-0.015978783827595 0.0180351253589114 0.100546250293454
0.0429951594579732 0.01953589525504 0.100532008385397
0.0497943915599715 0.00794672571486473 0.100216363776356
-0.03983089368185 0.0154245095252344 0.100200223463257
0.0326445419273634 0.0441459229909658 0.100370799015557
-0.0200439591203547 0.0363796018280001 0.101340875436389
-0.0446570248709062 0.0444939678135059 0.100549798187212
-0.00328431374719794 -0.00848564425841203 0.100396979235636
-0.0279985604523593 0.0480550251413796 0.101565183698753
0.0435698060910975 0.000214309483702316 0.101307381958525
0.0349022882286764 0.0100455287458141 0.101476302947769
-0.0191752476985948 -0.0252230924482641 0.100511632325586
-0.003998462306109 -0.0436166395261445 0.100646072946626
-0.0209838247223245 0.0364626648131169 0.100730090507372
-0.0172802847135553 -0.0424510785876204 0.100234221281555
-0.0264208454212898 0.0157782277458457 0.101260727844775
-0.0174059713047728 -0.049988966176127 0.100861271576447
0.0377366504639779 -0.00592113597746273 0.102828042647024
0.0307521777674401 0.0198340503262992 0.100575408943606
0.019650512473087 0.00628953168363616 0.100998046295946
-0.0390298415470575 -0.0464029738395649 0.104351607813662
-0.0208199591381224 0.0171105490584925 0.101176368314214
-0.00663941083947791 -0.0029958871213041 0.100652326301916
0.0154866856138964 0.0135473979392616 0.100109438548721
-0.0188934964542766 -0.0350659154820994 0.101204094887239
0.0145056513350676 -0.0399058439085037 0.100437996525916
-0.016813129668635 0.0106109042385441 0.101223272410312
0.00123971887813929 -0.0323388116439478 0.100432460971225
0.0224206495681312 0.0455399707001273 0.101058348515166
0.0136430036259682 -0.00384124945548225 0.10067856909985
0.0493040322248599 -0.0165298997953757 0.101056763457054
0.0222290975816595 0.0166654408929889 0.101092009541422
0.0401359749495921 0.0336305458541341 0.101270503011789
-0.0100746859333772 -0.010649604745427 0.100716018840161
0.048584448914689 0.0135034954554425 0.101449093165544
0.0318682419896595 -0.0417640326066491 0.100720957099387
-0.0367695803669219 -0.0231063599693916 0.100398167443949
0.00707716931446378 -0.0324469244641254 0.100965215424019
0.0277557976544807 0.0442168422656407 0.101105858661947
-0.0157809190864249 -0.0196341867049619 0.100001164459165
0.0243704360898609 -0.0234637314307232 0.101343612511984
0.0414990272086384 -0.0263658912966389 0.101320814365632
-0.0119386552111106 0.0111245026887771 0.101375301698141
0.00232791381770898 -0.0427274565422866 0.100063098671792
0.0236685722768087 -0.0369365925668456 0.10082108120215
-0.0199974282970119 0.0351900258925611 0.10096267367803
-0.0433194432336677 -0.047538477566913 0.100383599838582
0.0137672471053358 -0.030140928514117 0.100110826455812
-0.0456761766555029 -0.0459779340898453 0.101053852216896
0.0197299923728279 0.0340155210907333 0.1009292967695
-0.0445413017488886 -0.00198031796062924 0.101531805036609
-0.0261643134227046 -0.0450788557592599 0.100101450589414
0.0249542329078921 0.0188362135180622 0.100250365676441
0.0449706679430256 0.0483423953538252 0.10090147863506
-0.0169127879141195 0.00406476041619903 0.100136163778247
-0.0247418208467937 0.0397826696250835 0.100590530541975
0.0243211531382324 -0.00858881256738922 0.100814482127673
0.0393632612775311 -0.026346088731972 0.100775482912947
0.0182583815666321 0.0184802113799596 0.101316923617218
0.0435424872054934 -0.032268815877183 0.100957536146119
0.0318079777103869 0.0486667648144834 0.100227591369814
0.0211534937408905 0.0386520770391193 0.100585775657378
-0.0246662621593151 -0.00474469371403089 0.101146284835981
0.0409586451387553 0.0129707282059484 0.1004353856196
-0.0161849698301921 -0.010598422719759 0.100340315513181
-0.0260598026272445 0.0288744163008821 0.101231692192063
-0.0198620965036511 -0.0445582928894775 0.100131501987245
0.0224334817344198 -0.001807261803686 0.100319199949223
0.0394202907806121 -6.27035840331395E-05 0.100577168189304
-0.0470946940273407 0.0243222220319209 0.100029577382716
-0.0318429417647618 -0.0187620120187311 0.100594661501065
-0.0184332326170647 0.0167570091312652 0.100447359672244
-0.0393364911598896 -0.0351206565817683 0.100837723303209
0.0177635382648519 0.0294299423100177 0.101003223264821
0.0169963502161717 0.00744540931253802 0.101492577498783
0.0288066546568679 0.0463931527641236 0.100610337436392
-0.0383792897971376 -0.0406112903603835 0.100405675629679
-0.0150440081241675 -0.0293183461636552 0.100816204218033
-0.0218684590141587 -0.00883211383465358 0.10057374722348
-0.00567064364830176 -0.0141739153733549 0.100276503607436
0.0328309775098209 -0.00486731900212905 0.101203805993231
0.0280559865712856 -0.03047416242857 0.100019706568929
-0.025998698505821 0.03372667268558 0.10017091294826
0.00247822185301925 -0.0338001695318292 0.101183338135925
0.0199201268681886 -0.0302341550026907 0.100029118300129
-0.0389254300194169 0.0493374502853239 0.101239224881447
-0.0469217196724466 -0.0384438632217974 0.101192905580978
0.0344754203793265 -0.0392296283061155 0.10057497365422
-0.0158368448046533 0.000634021899416015 0.100935281267796
0.0202517978370068 0.031852144874081 0.100870461686629
0.0306158560983473 -0.020326795473107 0.101161018196104
0.0386728764363173 -0.0449687616625242 0.100732994887937
-0.043445100335869 0.00910090133851998 0.100063849682236
0.0127967064229532 -0.0292238840734361 0.101248095142897
0.0171629512495486 0.005274955824824 0.10029137921319
-0.0393749381917193 -0.0456567792960059 0.10017881950021
-0.0465871467940969 0.00768013841596846 0.100039660351325
0.0156602314222044 0.0266379373477146 0.100136504211242
-0.0196735483412254 0.0223072501061465 0.101350011107177
-0.0448142345616078 -0.0403678468020577 0.100218086297888
0.0287630087950899 -0.0142316770890736 0.101098346159945
-0.0290101611601013 -0.000797678117055238 0.101223862284504
-0.00333870124904955 -0.0364719365214415 0.100465820825491
0.0407595521650625 0.0286631387670368 0.100006582681212
0.0186311522536987 -0.0452993611570758 0.100703140729114
0.0150733876258885 -0.0157515270013918 0.100296987484134
-0.0446445688190666 -0.0249092189758206 0.101539725160694
-0.0316983006425973 -0.0207551154575443 0.101260411899924
-0.0253874753896042 -0.037474973039471 0.101125443007298
0.0242410314997146 -0.0235496704873399 0.100724409978831
0.0341792838688597 -0.0325176245960852 0.101052642578357
-0.0349590333508333 -0.0259925483401739 0.101164533086285
-0.0481694344579144 0.00987229567040417 0.100089183220174
0.0332592793945317 -0.00761688277908087 0.100829900168728
-0.0228673649457177 0.0237866002403031 0.100119734881339
-0.0146968036439019 0.00136042095818112 0.100250049950391
0.0205189214459448 -0.0122864293214325 0.100561327059868
0.00947018312922198 -0.0489494782107835 0.100856838055823
-0.0133299176421916 0.0108302696111679 0.101237538323243
-0.0305979852817557 -0.0408189483429744 0.100379689211504
-0.0429821045832206 0.0398499655341385 0.100770611643802
-0.0245486986193008 -0.00869039658962656 0.100196301758602
0.0232811242056135 0.0478509648879913 0.100020920118797
-0.0284511398141441 0.0377579282134232 0.101013928807758
0.0302824555870681 -0.0411576142259459 0.100505581615394
0.00697391598855628 -0.00314799827108779 0.101328450591926
0.0481979522659921 0.0133887769224123 0.100632028253122
-0.0138266592579969 0.0007942015602174 0.101227099070516
-0.0277231601397676 0.0384784241366837 0.101200293336457
-0.0243975973449069 0.0453029888382511 0.100924873950696
0.0228140357982172 -0.0454676023925216 0.100584251093582
-0.0159690416024179 0.0203581344576433 0.101345400879112
0.0243269114186543 0.0418986875120486 0.101379634214894
0.000196628957634401 -0.0336766154034005 0.100449675100209
-0.0213457057057338 0.0461736397283967 0.100279856860283
0.023543288323616 0.0152048370212406 0.100024576955983
-0.0204733345405323 0.0279050510784249 0.101078826648502
0.0351412160154748 -0.0319275298445908 0.100368889541962
0.00811055763468825 -0.00432110247579067 0.101024645215402
-0.0376247545675936 0.0165214517301727 0.100453034344394
-0.0283952594777024 0.0188930264279708 0.100881522433643
0.016225165620992 0.0223654145202007 0.101230466346643
0.0270461259359392 -0.0118764193600266 0.101153929990002
0.0341803760358858 0.0386919449330359 0.100831544142013
-0.00856429188314035 -0.028839254687805 0.100661252065651
-0.0114623579235738 -0.0482061994786323 0.100777859919911
0.0410653332253541 0.0241778729048867 0.10136512944094
-0.0448616569923466 0.044079091040428 0.10103540055589
-0.00762665330395262 -0.00640662912117831 0.100640665954581
0.0244241310028631 0.0163981764342531 0.100217769750469
0.0479766281764874 -0.0173629211439978 0.101361681849767
0.0242725566492223 0.047546711919598 0.10107573470343
-0.0266461320701636 -0.0223082500221789 0.101351910468924
-0.0165458437936109 -0.00921329078182237 0.101041930005698
0.0311559077183007 -0.00323385031064684 0.100084629994868
0.0407939911014251 -0.00541683235914358 0.100812149071547
0.00244661138972628 -0.0303665478465745 0.101015545490113
0.0397579612213396 -0.00531382974512625 0.101429101553786
-0.0227981534257665 1.82064816595211E-05 0.101113897810796
-0.0271752978691412 0.0249505394271539 0.100979853727922
0.0190148578391771 -0.0444409684278813 0.100431342939505
0.0154400767192536 0.00309945151322881 0.100554678378593
0.0340044962265458 0.0138799483958654 0.101370017820002
0.00833682840094639 -0.032807358318203 0.101137093856976
0.0359917090504037 -0.013474773876294 0.101239440685655
0.0287793836744316 0.0147169947611266 0.100476766699481
0.00874539552203673 -0.0221569086159463 0.100235439058125
-0.00217889472264903 -0.0378512351747358 0.101456680393202
-0.0260377383321642 0.0165876032728602 0.101187479129718
-0.0196294854654465 0.0298576885517571 0.100631738172337
0.0103213141322643 -0.0460851141387199 0.100472615266889
0.0136594681106195 -0.0151947622739746 0.101959660058301
0.0163873104825612 0.020987142597072 0.101156330256226
0.0123084855364567 0.015625519295732 0.100715488552652
-0.026545657692786 -0.0282868896375093 0.100342271743155
-0.0196084564512978 0.0389290099937081 0.100665274395799
0.0114296061318738 0.00226489522989394 0.100211608325456
-0.000388884626262279 -0.0261814000882411 0.100122582612431
-0.0308150565154379 0.00237336432233734 0.100131727801511
0.0103981253580865 -0.0409808440004589 0.100944764939814
-0.0381112142828858 -0.0179492925707321 0.100933457058008
0.0211695822100882 0.0443038455920284 0.100811661872041
0.00762878591614907 -0.000821262250122419 0.101090091811594
0.0181098781001263 0.036021587348463 0.100139400035929
0.0468878932260767 -0.0210048738514989 0.101109521263371
0.0395538145251296 0.0136090451543589 0.101059201098717
-0.0290281854760213 -0.0296656723626001 0.100562583392891
0.0423700460995823 0.0104078112905459 0.100615572816386
-0.0178474006993069 0.00151045507806771 0.100219420050568
0.0495724991103366 -0.0453800856993063 0.100747010265167
0.019120928899073 -0.0425541200700648 0.100433789362186
-0.0336866975155041 0.0139499000818547 0.10132613992534
0.0415420219477497 -0.0246229951056485 0.100421279296345
-0.0338854289337399 0.0204881411629148 0.101243698435663
-0.0395287570511725 0.0387706331283933 0.101275482399972
0.0312319618645528 0.0488649982324678 0.100568959645
-0.00647660446339929 -0.0384137243381473 0.101288859876845
0.0186864327495538 0.0266115450322563 0.100502273633478
0.011472497764403 -0.0305368292817843 0.101341494803093
0.00399749808471792 -0.0181138079351166 0.10059900906098
-0.0210828273248122 0.0411544157604735 0.100542248756634
-0.0224418594237985 -0.0143042961269286 0.101230565120265
0.00980151325898966 -0.0205554844266451 0.100603512055919
0.0232482968957858 -0.00857128114937084 0.100160272601083
0.0377741332877093 -0.0482766112369732 0.101228310124414
0.018515664136362 0.0229876623824962 0.100170984354393
0.0248198025443162 -0.0414612350039102 0.101112414540827
-0.00503804464708735 -0.00626843962730325 0.100855319026565
0.0248171817896226 0.0188789977297125 0.101317429990963
0.000728584872472373 -0.0306977163014856 0.100672431457657
0.0422973264623529 -0.00441276034818644 0.100399726321031
0.0467139973590064 -0.0164705267811362 0.101320604049689
0.0334064050871617 0.0417404260636784 0.100716788891471
0.0295183168368882 0.0386344288895604 0.101387834060723
-0.0305156635116615 0.0441032702869878 0.10035485283285
-0.00446098943246378 -0.0255006862216905 0.100463334174025
0.0309933196708563 0.0109546893541424 0.100134390551046
0.0130540408673463 0.0119679106135369 0.101106737472774
0.0173997817846914 0.00845321092035061 0.10046194401265
0.0312235857106022 0.0218291891875548 0.100175713484944
0.0226993542367911 -0.0111681301714937 0.101413839743583
0.0443727908656387 0.0171828862037971 0.100590592758596
0.0236662464462702 0.0471268349806333 0.101314716074761
-0.0196860761064634 0.0292803056253353 0.101268943916747
-0.0261302002404421 0.0386527575726634 0.1010761302629
0.0441120960590306 -0.0222575618324605 0.10028312053466
0.019638707404684 0.0269207120987424 0.101235136760702
0.0443523380243726 -0.0184532772375435 0.101248867133822
0.0125579276474991 -0.0255382995431329 0.100393951899137
-0.00546641856872958 -0.00934892403670577 0.10079256677935
-0.0246077519822764 0.0227473273185462 0.100765364585616
0.0087641296205815 -0.000743572644588784 0.101431308707228
0.0450052909295708 0.0370120050556096 0.100933820091091
-0.0196611666567974 -0.0191467738595645 0.100900460316547
-0.0199681769414312 0.00594523753371619 0.10070395707437
0.0164277903318998 -0.00529126975381743 0.100276779079187
-0.0339246194436058 -0.00458030661109502 0.100431923948085
-0.0363139586282359 0.0328868395599923 0.100883404333767
-0.00960163402562592 -0.0157486670295505 0.100593482851802
0.0308569522135894 -0.0347126636623224 0.100314309543943
0.00955349418228934 -0.0316640823692271 0.101159631704418
-0.00936795394824991 -0.00571897466858371 0.100990848944328
-0.00278739364483536 -0.0243215347739277 0.100281511223886
-0.0404229391213237 0.0483214690903332 0.100391293340793
0.0129684741125076 0.0133418506245945 0.100307308100466
0.0192111103371908 -0.000738075222273077 0.100231508016426
0.00696551557891403 -0.0173367693217701 0.100947049300774
-0.0380999008769997 0.0274973053657572 0.100108788096842
0.032144481039158 -0.0220753089524939 0.100596757336771
-0.0143996176731288 0.00907840024788107 0.101294229544972
0.0218256230033446 0.0316034871866629 0.101038670916047
0.0290292548903758 -0.041204738731022 0.100514655983675
0.0440570370443597 -4.87563948988085E-05 0.101593149558402
0.0105302308676938 -0.0428038024805832 0.101105027480614
-0.0281985806572539 -0.0401967642888746 0.10072822597656
0.00829966163678303 -0.0305134555560082 0.10020187998271
0.0391437189892635 0.0280217792801304 0.1007335463355
-0.0180540128908566 0.0465245280587819 0.10139096868469
-0.00442569380739643 -0.0300899640489854 0.100290796466003
-0.0212714803063401 0.0384991724592159 0.100758080351766
-0.0434397307065281 0.0469459181012516 0.101091003932537
0.0249645782525899 0.0282306114776947 0.100253508269164
-0.0419247488448954 -0.0322815403673054 0.100440001077385
0.0243581586516294 0.0428616060365383 0.100072441952577
0.0356907053603457 -0.0309919712122469 0.101021211739816
0.00667084930791194 -0.00658006612315617 0.100174898298245
-0.0187908873816204 -0.0112132289367861 0.100534391556219
0.012826597610345 0.009844721692742 0.100178778373022
-0.0404981755043582 0.0404036024859013 0.101065770660727
0.0245681666639504 0.0184783080595037 0.101611788201414
0.0125268500921949 0.0142022781273356 0.100423566580449
0.0374473609491163 -0.0115056930623608 0.10001099264992
0.0235163216805029 0.00478282766043974 0.100691772848312
0.0211232749110099 0.042473536739478 0.100246519224143
-0.0320816121375121 -0.0145846250340258 0.101983118285079
-0.0236132478713266 0.0334292030238172 0.100343040305644
0.0160449159084803 0.00235052995188778 0.101180414326292
0.0383992460982478 0.030221514913107 0.101027121724551
-0.030343439166457 0.0394863693470959 0.100779999869098
-0.0280882180858539 0.0422916441265353 0.101301284878055
-0.0319813651593407 0.0347856123625236 0.101205967488251
-0.0169619468644896 0.0177572790747779 0.101160894966463
0.0246762938032628 0.0382717709843128 0.100772900752294
0.0323637305355355 0.0335803079091786 0.100927688894948
-0.0338176924305389 -0.0195784593511372 0.100702609106605
-0.0355722877483996 0.0298660969424144 0.101184140750851
-0.00618108979751957 -0.0053298931293719 0.100786186221655
-0.0363506529493733 0.048174020037642 0.100006655085425
0.0219167945592369 0.0225249787887946 0.101168248339545
0.00601593602877164 -0.0290104664319311 0.100697469080737
0.00093322908966575 -0.0217600732366061 0.100934144502711
0.0106093743140913 -0.021057014047128 0.100399918447793
0.0348634912443931 -0.00534646945699218 0.101008755914362
0.0442129984106598 0.0212268834016962 0.101215876527414
0.0296593900868061 0.0391943991079949 0.10068608892324
0.00204252692868653 -0.0226638551076092 0.100138254125246
0.0438888668749959 -0.0335084932424247 0.101083335263308
0.024584341185501 0.0280272728039512 0.100493304793629
0.0472114433876574 0.0180846504409519 0.100829866757505
-0.045037734332282 0.0145700971236575 0.100646253353857
0.023188152314937 0.036032004526555 0.100609772679625
0.00495796007269144 -0.0216253574346068 0.100454725192252
-0.0100761638048007 0.00438205938835037 0.100574407153466
0.0283146197972043 0.0417485416506561 0.100071853747284
-0.0285344902001581 0.0380619202184097 0.100662759208012
0.019175115231218 -0.0261007705063643 0.100758183772612
-0.0307719281166675 0.0266165469750436 0.100169574864249
0.0237281179891623 0.0187128475460892 0.100240915118139
-0.00731966319594139 -0.0088182699736795 0.100159237962582
-0.0196873396900599 0.019767123788648 0.100578287504007
-0.0314099268319408 0.0240729864533827 0.100633120529693
-0.0310835714719721 0.0128505191325664 0.100245525113332
0.021353575504607 0.0385754850000368 0.100522942280613
-0.0385937321319668 0.0495055735696996 0.100299673692879
0.0293134588623222 -0.012619942498325 0.100978167804306
-0.0307376037625162 0.021876609530009 0.101195037800332
0.0477517502582033 -0.0488135309086689 0.101263775432709
-0.0206667853245776 0.000994995811482253 0.101324721039768
0.021470862416953 -0.0156449795707187 0.100663874151095
0.0360662226859698 -0.0197089500740987 0.100340467444051
0.0020592282933019 -0.0190728608184405 0.101282531308246
-0.0490771025221624 0.047474053311961 0.100598990188009
0.0180678103411309 0.0236225807126355 0.100000767731157
0.0195438099201036 -0.00915193052315135 0.101344242304664
0.0244481159057491 0.0178293073132416 0.10072195904188
-0.0186627646396104 -0.0277278551732366 0.101420626731599
0.00377290285375313 -0.0385359180077943 0.100964150571996
0.0401148928109961 -0.0244088815172231 0.10010110969168
-0.00783624058049242 -0.00941350798820357 0.101019726849817
0.0162973749312679 0.0155819751531016 0.100131090271996
0.0255349579313356 -0.0472442474954694 0.10027464553904
0.0337796007110481 0.0245222994863165 0.101209168706635
0.0144897946750576 -0.0206519862349902 0.101384849676062
0.0237851848135374 -0.0487041969081641 0.10117719168016
-0.0223256536008006 0.0347278709092155 0.101124868993498
-0.0123191123741397 -0.0416399413978323 0.100072050121787
0.0236064543797294 -0.043565700972724 0.100322257858722
0.0272533248119183 -0.0389692269977301 0.100818808488872
0.0308417233165411 0.0170126876624349 0.101460555143962
-0.0155105247809441 0.00517368679978954 0.100011943099991
0.0224279629926726 0.02560064427572 0.100054589213895
-0.0111847957755618 0.00773190015951154 0.101141080197047
-0.0390809035079644 0.0284974517286923 0.101316774062284
-0.0171263236630698 0.0225235321450482 0.101324809215274
-0.0152590539314062 -0.00755450884548799 0.100018957886029
-0.0201292430566171 0.0368050468804461 0.100760082333207
-0.0263093426459362 -0.0250415946612989 0.101182764112831
-0.00957751195918335 -0.00132639382304608 0.100141522466153
-0.0159585163175662 -0.0433997377910155 0.100584131145353
-0.0277302430312513 -0.0484965800335849 0.10007750318825
0.0227782807075682 -0.0289262389680413 0.101068048590681
-0.0259243776276502 -0.0335956852754526 0.100790642485509
0.0289004681427152 -0.0224176025516399 0.100296204546124
0.0322416040839171 -0.0284328795304449 0.100755481909424
-0.0154262471650783 0.0200373803089088 0.101248586942277
-0.045526828330537 -0.00573884550446472 0.100621588175788
0.046437951297563 0.0299417385634857 0.100903760565518
0.0220201965636956 0.0281664038256199 0.101178863208296
-0.00664604718443141 -0.00564944874582288 0.100977389431977
-0.0210851675016557 -0.0232058622632369 0.101032361480308
-0.0466655691035517 0.0228296421418248 0.101253635811986
0.0203763928587227 0.0402080882268031 0.101246606290829
-0.019351819689654 -0.0298430286154284 0.10082783279136
0.0136093105836948 -0.0193052736070412 0.101324077380181
0.00819800145947468 -0.00340483860558012 0.100635562098517
0.0206444683949011 -0.0457430669863945 0.101155707924636
0.0247918090783177 -0.0327336093719554 0.100924203905653
-0.0399554802609066 -0.00959640892439231 0.100905974737273
0.0126322386736727 -0.0324919213284323 0.101132695375538
0.0170496659466692 0.0140704473776734 0.100153656221926
0.0228690318722488 0.00801133317007923 0.100491991542166
0.036532696129629 -0.0268611429540982 0.100720676803197
-0.0183536708970205 -0.0235411443474152 0.100940596965898
0.0339116412139231 0.0482576855033589 0.100674691193957
0.0204878324053891 0.0409811112681238 0.100875714766174
0.00501423970813433 -0.0321415574584627 0.100081072345282
-0.0372573365167962 -0.0249298979708052 0.100785436095531
0.00651340286863934 -0.0478329435975958 0.100532514966666
-0.0233542055976347 -0.0238041640686058 0.100503683362931
-0.0165593093953794 0.0137796745008457 0.100170640545331
0.00635829181451477 -0.0308603213602279 0.100713479312186
-0.0133679756117231 0.00392627510875732 0.100366263140063
-0.0273679048966552 -0.00749686070792933 0.100431025936922
-0.0483780694044769 0.00331994749460646 0.100200778900382
0.0308388508893304 -0.0342107978567183 0.100516601724131
-0.0454588085974995 0.0424180523389638 0.100389773372431
-0.00113994215475116 -0.0426819680150344 0.100565723413091
-0.0216854360931513 0.0466859200183729 0.101037167555329
0.0132599441932199 0.00269247537414357 0.101263495191309
-0.0485405049119797 -0.0147737578606281 0.10094696390813
0.0251102058042635 0.0244268001022042 0.100580580491618
-0.0372062126128357 -0.0424533840456645 0.10018429164308
0.0201612553365703 -0.0481499034300275 0.100692754827837
-0.025231355223861 -0.0419600924254281 0.100561763535653
0.0232726973360305 0.00233664560886242 0.100308581457786
0.0224265540311502 -0.0412380633191942 0.100730483559242
-0.0214549336491767 0.0425566760981022 0.101216542103621
0.0380402325747145 0.0392477143695209 0.101331978752641
0.0373143733073248 0.0397780021253841 0.100099182865925
-0.0472447289715701 0.022800417537291 0.101321171591739
-0.0417723321368275 0.0361324774408458 0.100827183899327
0.0243046120122617 -0.000437078688457888 0.100080594667343
0.021003069439303 0.0176854349113707 0.100042198802012
-0.0491633781600501 0.0422982581987427 0.101436952349585
-0.0184118513308519 0.0258699230668686 0.101191935402493
0.0320160436974368 0.0196689529634763 0.10151746117964
-0.0186068186226902 0.0105607399897544 0.101341463942784
0.0387817980433635 -0.0364164384742446 0.100702049683989
0.0208642051739672 -0.006419441068378 0.10113069409279
0.00774809618017349 -0.0409462371852715 0.10122065750132
-0.0465055427067487 -0.00701514527932993 0.10142804030917
-0.00673406872487407 -0.0298996726768695 0.101412159076051
-0.0433941188484347 0.024501852269466 0.101153565484996
0.0425541284620115 -0.0477977503216459 0.100990532712042
0.0413020087043508 -0.0161620454704038 0.10080297320694
0.0450913972422465 0.0396277635371361 0.101273557673826
0.0156661792919094 0.0144660333585384 0.1007135679577
0.0331879049626911 0.0277441913963178 0.100984858477291
-0.0196427022146614 0.0390621377149622 0.10064558967185
-0.0111473727594821 -0.0279631746261139 0.100186228602113
0.048596515506251 0.000211388880777788 0.101294815730773
-0.0154709961454571 -0.0255044024167688 0.100054361237211
-0.0462561103475138 -0.0401722608212173 0.100465363440817
0.0107991301832529 -0.0405120094975168 0.101243189073229
0.0436674512474459 0.0405667090150192 0.100021380132729
-0.0440996518343717 0.0313824173904077 0.101363034514874
0.0172724083260928 0.0349335875580487 0.100962470863241
-0.0287489308776896 0.0213310390776386 0.100351358667624
-0.0150343098003126 -0.0279436827525641 0.101104236050102
0.0119662632587134 0.00280530209754096 0.101168285409976
0.0434086926610858 0.0453094262063762 0.101317727166843
-0.047951772120833 0.0173818355613341 0.101271459010761
0.00437686371373337 -0.0386828921755352 0.101082403080855
-0.0306059325067132 -0.00692324932463743 0.100595913447947
-0.0272708104028083 -0.0284879101493337 0.101352000339823
0.0491514416945745 0.0265287843511405 0.101057323981838
-0.0374944153849719 0.0209825944246753 0.101421820929028
-0.0426268262625981 -0.0324166238261218 0.101184147172941
-0.0317131508831325 0.0272548477014859 0.100471113598393
0.0467687568810538 0.0300165612643496 0.101080515004975
-0.0138692721650974 0.00612686498858004 0.100287477568403
0.049450057546433 0.0301831611452585 0.100233873392957
-0.0340688098291398 0.0286907004002212 0.101030290995343
0.0376408083661868 -0.00260520337665013 0.100088530939323
0.0220926203260764 -0.0486556156944155 0.100951847301281
-0.0160270797403161 0.0241255395094278 0.100093768439243
-0.00771756682402981 -0.0340941589924555 0.100343974360964
0.0249176967956854 0.028558615557162 0.10050545320121
4.18467383761501E-05 -0.0346716367482365 0.100932613524749
0.0263161458438868 -0.0323697122888833 0.10056016628103
-0.0214975969882253 0.0295674959010154 0.101029513187006
0.0123890958235659 0.00738395789638603 0.101076734579191
0.0207372139409898 0.00347590784829869 0.101246087152702
-0.0224328345233999 -0.047532252316061 0.100020144469042
-0.00889191838205849 -0.00313036133503104 0.100501506808443
-0.0148809057620767 -0.0287082155962134 0.101093047077852
0.0298344796413957 -0.0139565830888965 0.10059575054405
-0.026460559344576 -0.0378338486823652 0.100990903983807
0.0338900579564468 -0.0481730974179944 0.100728882995732
-0.0459475338929667 0.0479240799999712 0.100606104558594
0.0308767953283609 0.0060027773463471 0.100708252087309
-0.000229744026384971 -0.0284718917170877 0.100878168007372
-0.019663121535373 -0.000842267172653432 0.101131908058281
-0.0344879563428886 -0.0147441355971704 0.101640919392086
-0.0216676096357077 0.0135945626876441 0.101176520277447
-0.0290589599087615 -0.0131469258173481 0.100898121989412
0.0262249665996666 -0.00695138710171978 0.100880863766979
-0.0498598010341767 -0.0464519957236725 0.100362467110591
-0.0105481019348478 -0.002953870117867 0.100286574483929
0.0245975509774022 0.0467388651925457 0.101072400244258
0.0262904448057046 -0.0401665153644635 0.100311838258984
-0.0362512194074183 0.0493625701121576 0.100072116726336
0.021453786627769 -0.0120882514285721 0.101388276284506
0.0296078963208745 0.0354264795512736 0.100823315911906
-0.0250060599456177 0.0369320241001272 0.101288195308029
-0.0105339715583712 0.0031691959925519 0.100290781796319
-0.0209246389891421 -0.0219061258103649 0.100316855724903
-0.0193356802511319 -0.0395583446104189 0.100238495990179
0.0235796137881508 -0.037963640157598 0.100585387079575
0.0396579267202572 0.0492278940467447 0.100230839512765
-0.049280328217827 0.00780436482501133 0.10010954915585
-0.0374954445735123 0.00881682248054857 0.100830725739997
-0.0181311882796357 -0.0458991050994074 0.101097359692157
0.0226037238334443 0.0434366749225985 0.100153340419495
0.0156984852561824 -0.016655062029009 0.101423473418154
-0.0229517309060512 -0.0419715388610114 0.10027801205526
-0.0189846108857681 0.027026036506593 0.100636267772858
0.0187408974403199 -0.0490834608035157 0.10041269645785
-0.00930913949680005 -0.044909371472115 0.100954727170334
0.0344697321882585 0.0217980356134031 0.10058720726959
-0.0442134193556348 0.0142368669792792 0.100105016210934
0.0233886140500768 0.00275359014566877 0.101243199347327
-0.0331656684746649 -0.0449894428657062 0.100356236499081
-0.0243495846548169 -0.0434590398961987 0.100854711486674
-0.0134152046563497 0.0153048386626042 0.100648407376979
0.0481602130486962 0.0349400872492527 0.100769256295511
0.0201506730571127 0.0278211738875662 0.10030100775302
0.0255630789166138 0.0444447346094082 0.100512172558525
-0.0207966171914331 0.0344821218676907 0.100908491026035
0.0357466724302874 0.0381151007733643 0.101231730636777
0.0414694636534734 -0.0179047403801868 0.100775371941502
0.0407713433871282 0.0208360773810811 0.101302189577673
-0.0485828959472278 0.0207751799795843 0.100204068186197
0.0448853724578716 -0.0326057782305072 0.101248092577402
0.00911405491242535 -0.0325507422522956 0.101290051564697
0.0439016667356475 -0.021631874742437 0.100539245736456
0.0434617932967072 0.0473453704042662 0.100273307845688
0.0488846979323376 -0.0050951584942123 0.100118655695628
-0.0333064820608533 0.0351863305024272 0.10009315188696
0.0453123421752725 0.00831155442008796 0.101370253715237
-0.0199106301282705 0.0392597765054101 0.100014157724873
-0.0244167587943352 -0.0052589100340869 0.101150955065186
0.0433580098795116 0.0185161719424545 0.100334455685561
0.0273342731176539 0.0194368555254267 0.100887504791465
0.0336817001667021 0.0358936193026555 0.100496810010168
0.0183146890976269 -0.00539769562937446 0.101099478546364
-0.0347100904139822 -0.0246251047730441 0.1008894142471
0.0247600906833556 -0.016792156189095 0.100223240133335
-0.0416998217991616 -0.0122669565317682 0.100151088509863
-0.0475845092921195 -0.00631312495526947 0.100259019076777
0.0484378628906702 -0.0249046332199407 0.100695078941815
-0.0214980542314907 0.0422383550720753 0.100574625897634
-0.0102128930175765 -0.0185019863042768 0.100563361734936
-0.0363561553484675 0.0217433601836371 0.100013587403038
0.0245801956360393 0.045852924599904 0.100965948064546
-0.0200449962769123 0.0311722280086027 0.10067339660005
-0.0218393562618794 0.0256143321010607 0.100248732333456
-0.0356636552729973 -0.0221268291469415 0.10006181445748
-0.0347235365403813 -0.0287214972723449 0.101405642609685
0.0472959895805586 0.0160758889620206 0.100109335031917
-0.0407749003808202 0.036086011063831 0.101568920037625
-0.04450577049387 -0.038483407566562 0.100497960980359
-0.0350212484668529 0.027468373491709 0.101384742993158
0.0204950995563369 0.0246748847524827 0.100689614457184
-0.0410115541942732 -0.0352676594683586 0.100047742371267
-0.0221951892842493 -0.0490327267784428 0.100982158909391
-0.0397298610367385 0.0419893055434119 0.101265238334858
-0.0214071319622317 -0.0344364259690922 0.100436230941574
-0.016881427923686 -0.0479174169114045 0.10131730439251
0.0474828302508752 -0.0162812394801878 0.100732907097663
0.0202411471520446 0.0248415543226077 0.100300231783133
-0.027791573071099 0.0175131070928349 0.101304433649197
-0.0402679575598716 -0.00485520882556143 0.101015858901495
0.0414109031750789 0.00117050197814758 0.10038222837809
0.0150548761182293 -0.0410295275219295 0.101479743800914
0.0377286466827925 0.0484275065968025 0.100183401768914
0.0153354240218693 -0.00773092071006214 0.10005045815643
-0.0240842069846067 0.0420216112389526 0.100527594764298
0.0264388270718064 0.0129893300000287 0.100325385767846
0.02712487551765 -0.0414969439154342 0.100963974538572
0.0203323031987499 0.0361000899533181 0.100746111566934
-0.0263309722477585 -0.0252334222426919 0.100083055736314
-0.0371916089408323 -0.0131976541227163 0.101418095512821
0.0262843520498806 0.0278204330066724 0.100486111747077
-0.0122194910002603 -0.0134530526354126 0.100966731270662
-0.0130577342657314 -0.0133054499298472 0.100826233743404
-0.0403883032975489 0.00701764003988894 0.100213067905077
-0.0231771795171322 0.0397974019496217 0.100130893952256
-0.0329287056954608 -0.00912552770694405 0.100792808686201
-0.0286754194460062 0.0233922615546079 0.101118204749936
0.0121283731591047 -0.0207607001021272 0.101378685743778
-0.0443455461099307 -0.048453154875595 0.100787577265107
0.0424299940967225 -0.0192789278496884 0.100719822834927
0.0385480426504743 -0.0234733445376825 0.101361362869902
0.022323199999726 0.013026954575955 0.101385323849385
0.0187670638214519 -0.0264417739746947 0.10093436243994
-0.0411644424603798 -0.000808048311294187 0.100292318394193
-0.0342460222898775 -0.013097065850831 0.100931558991863
-0.0303050737850846 -0.0491936042463203 0.100445680876177
-0.0222244385191995 0.0174844814874353 0.100968140383209
-0.0288678287768277 0.0293839128483244 0.100084673049663
-0.0322780475014717 0.0164751631877037 0.101354687423429
-0.0188392829189624 -0.0127847807150891 0.100011885492609
-0.0422319340990346 -0.0207009698245037 0.100606344355653
0.00857485983918176 -0.024741354170099 0.102124360862514
-0.0415245578808078 0.023205169984475 0.101450466474406
0.0137523984036538 0.00237711117035141 0.101211470885123
-0.0164750309739093 0.00613660513969684 0.10068083549836
0.0334442325636713 -0.0147324585328893 0.100357035838708
-0.031212083772799 -0.0395110302181253 0.100237703561055
-0.0452052802317517 -0.0297865956187987 0.100624695008724
0.0174426100640716 0.0184642126195785 0.101345270729326
-0.0438028166911115 0.00268008904137242 0.100752569081506
0.0370218490603779 0.0373180070337374 0.100954241385144
0.0462292404039935 -0.01925095338973 0.10044946501844
-0.0404472154116258 -0.0264205281538581 0.100429478113837
0.0187490866877302 0.0418272153964956 0.100108828888861
0.0150153806839785 0.0158525051114187 0.101477981378769
-0.0214037888153469 0.0374272090558884 0.100178830380779
-0.0479970767839652 0.00792743263736225 0.101269178870491
-0.0221671369975811 0.0252425661435245 0.10141006757966
-0.0340994322488878 0.010406266957959 0.101236840560118
0.00934506256918599 -0.00633711619926095 0.100214822636772
0.0159166835844241 -0.0235147355477029 0.100840495158876
-0.0173491738554661 0.0162640051064673 0.100004147152693
0.0288384409670879 0.0106870363650089 0.101271490033629
-0.0451617912941761 0.0283321125185841 0.100792276011598
-0.0411830350962465 -0.0294379618486626 0.100373306723019
0.0228153394330921 -0.00895609445083093 0.101452718800924
-0.0364363666423181 -0.0183676867815981 0.100606619844001
-0.0381625806502136 0.0179977131498776 0.101354787698254
-0.0442605580251614 -0.0354548197845566 0.100593013024944
0.00516528432157122 -0.0497359713080338 0.100751276863697
-0.0164420351623099 -0.00297063111317131 0.100165359591206
-0.0414189571864097 -0.047616460524596 0.100797675200121
0.0174313297655989 0.0209426459650237 0.101137594177866
-0.0323377563757625 -0.0150221301496851 0.101007808409898
0.00914881315969926 -0.0204080020816581 0.100455029490711
0.0216643058521942 -0.0176823513016165 0.101167914730623
0.00901167313356969 -0.0058911703567484 0.101040154334684
-0.0229100826982463 -0.0210888246025076 0.100370899325609
0.00803905184882944 -0.0409425705584023 0.101105418217559
-0.0374108697991447 0.0418872912513504 0.101219481164125
-0.0166293880800846 -0.0130389702452375 0.101530751537054
-0.0140800308017245 -0.0171137607399445 0.101108226341522
0.0246714698448373 0.0254619292766725 0.100240976416964
-0.0138723340069252 0.00669773439342958 0.101416536396951
-0.0387443581142891 0.0462309611918176 0.100477997366677
-0.0463035818193762 0.0114844201238041 0.100390518513195
0.0099294612090304 -0.0296799836090099 0.100179972404349
-0.027265662681941 0.0438112166467854 0.101357810985877
-0.0118507394569078 -0.0434702659127679 0.101166834800669
-0.0498663047884397 0.041413572774849 0.100445127618844
0.0200683334964476 -0.0482467123211365 0.101202065243425
-0.0198650732826259 0.0188454198923974 0.101162020905949
0.0379583124662943 -0.00725957319396073 0.100211189729352
0.0273788386226429 0.0196472160743175 0.100658939986174
0.0149794974885301 0.0146934140199954 0.100427000236323
0.0168127372132581 -0.00375377416731135 0.101138357928809
-0.0104533294859931 -0.0197010809397122 0.100151264082272
0.0331535208724473 -0.0337507045358844 0.100083475899046
-0.0127678360448676 -0.0375988680954406 0.100931745200513
0.0224194083810158 0.0143546299435429 0.101182183887972
-0.0463754422130718 -0.0104208496605233 0.100012990706939
0.0406036079164697 0.00496468501591621 0.100941274059765
-0.0306355905938989 -0.00690327457110699 0.100742955174066
0.0427463631803221 -0.00933030576108735 0.100382293561889
-0.0354038182583064 0.0334408041475983 0.100821903393439
0.0497774134855279 0.00313379522144286 0.100219067364517
-0.0415374598176751 0.0296262917788215 0.10045445297088
0.0339852475080087 0.0337604662851906 0.10100915845111
0.0383581441421051 -0.00976463908809437 0.10032501863361
-0.0195551254903245 0.0079510576615763 0.101326422177547
0.0302605534296214 0.0318363190215917 0.101315175383529
-0.0277830087157655 -0.00414765885408262 0.100039296044464
-0.014616067951147 -0.0439112433352564 0.101104378238678
-0.016719535879176 0.0133772417639841 0.102083093584869
0.0229133968310876 -0.020728958186461 0.100845707369821
-0.018712952182202 0.0284064254057006 0.101154103851812
-0.00134377046280612 -0.018653406726919 0.100195104370868
-0.0481730018716639 0.0335108498994538 0.101099813312364
-0.024239377417081 -0.0273265153612675 0.101256613867302
-0.0212548610460942 -0.00821275808437664 0.101627719443943
0.0138397131920163 0.0127812722303654 0.100031295811851
0.0377017842918115 0.00403412699033621 0.101202058285875
0.0309161151081807 0.0154586107627818 0.100221653629184
0.0498064849639782 -0.0464828596375009 0.100861769661739
0.00610572623663275 -0.0211961356219439 0.100749776153625
0.0496815024115026 0.046792555824644 0.10094554776465
0.0276361022497127 0.0490765672261839 0.100782368605623
0.0269177994519189 -0.0487151817783609 0.101354481270506
-0.0389009171275054 -0.00086637864679542 0.100721416268344
-0.0467556826339136 -0.0288181944861756 0.100529391571493
-0.0242292003943674 0.0281491963840885 0.100127341395756
0.0412186851026058 -0.0195641090994945 0.100778655781663
-0.0176689735875892 -0.0403470683554565 0.101019861599821
0.00991943445274134 -0.0405875030315126 0.10097831340103
0.0139080530526201 0.0134454875925355 0.100243387988276
0.0409462158873193 0.0265068555886608 0.101231704479568
0.0286543297967154 0.0081444566000746 0.10114030897693
0.0230222765290446 0.0495064257926992 0.101043664264131
-0.0485119228835996 -0.0162010260859445 0.100615207618715
0.0302020447005093 0.0393919257711278 0.100574828161503
0.0164895013071342 -0.00226286893000033 0.101569252689723
-0.0223163638605149 0.045004185934644 0.100834249868656
0.0426540350092484 -0.0166439226976281 0.100357561109723
0.0413698290231397 -0.0242865482848514 0.100022140490168
-0.0286186527219294 -0.0190348677251758 0.100356499481792
-0.0175317417976498 0.02465782667072 0.101195732659348
0.0189884952894034 0.00256385833612174 0.100804958165539
0.0270711834854746 0.013435613523224 0.100143154450248
-0.024543404750494 -0.0347267543041334 0.10114020169506
-0.0124764633295367 -0.0281766663413596 0.100524343117779
-0.0342961091365259 0.0161028312920572 0.100169618411325
0.00731457628566234 -0.00499747525230019 0.101349573266078
0.00893944976132861 -0.00503190002727737 0.100280949473374
-0.014212424286876 0.0134816319164585 0.101139564659159
-0.0276609426274641 -0.0142602741586541 0.100447484358265
0.0483473154743842 0.014900746317278 0.101402111939832
0.0267029909242886 -0.0277454802864373 0.10127895056562
-0.0475993124926961 0.0272687726998976 0.100608901055269
-0.0372379834593 0.0421469949374312 0.100630146266054
-0.0378754795793639 0.0115353317331496 0.101271931593724
0.0146442434176144 0.00694773361702643 0.100581972060259
0.0200013913078986 0.0332368628854623 0.100796334959605
0.0497148773576431 -0.0228248792066479 0.101130475054491
-0.0217918514075204 -0.00714217782614803 0.101025118868042
-0.0211524170649568 -0.00681540106251777 0.101000595263174
0.0259372165975229 0.0188576137574849 0.101296442252235
-0.0407362353067047 0.0300982820977942 0.100925085440043
0.0255279255491021 0.0136611715902075 0.101239857924839
-0.0276705080605474 0.0129019500253967 0.10118070740174
-0.0250230472167304 0.030867880086531 0.100244604829001
-0.0283252635977207 -0.0217260454387513 0.10031507745316
-0.0292032740647098 0.0270591109416798 0.100423428174342
0.0322829380391925 -0.0315532535658732 0.100338313365224
0.00301264840392823 -0.0409512252452474 0.100764101341225
-0.0347766149387158 0.0125951037813928 0.101403021494465
-0.017856090013107 -0.00334481846670591 0.101273014240269
0.031212426937096 -0.00136627680951732 0.101516571418379
-0.0402370548673045 -0.0160469552139253 0.101557847584133
0.0243866766805871 -0.0151943568568236 0.101209117942545
0.0273334820818806 0.00931700016894275 0.100047933746829
-0.0477948795036363 0.0383017747448095 0.100315766023016
-0.0179916043088986 -0.023987966302485 0.10009680260632
0.0453837265589258 -0.0388368303025028 0.10077660096626
-0.0109592532643369 -0.00469323818850982 0.101122761150511
0.0472869668656526 -0.00831615033621875 0.101066538339665
0.0473983610840832 0.0123996651332606 0.100894904529936
-0.0246755441564571 -0.0272907967579837 0.100703610171844
0.0308520274007097 0.029143107613299 0.101315339481545
0.0288266850391266 0.0123969112643387 0.102164526184087
-0.00483637656637909 -0.0206633747083241 0.10009918366219
0.0201893195593323 0.0392230643373889 0.100973263966031
0.0348180094586263 0.0299033014194573 0.10028630838402
0.0296658101198276 -0.00150639850742728 0.101223931694359
-0.0337166546799501 -0.0394745151515879 0.100950852253003
0.0368082801967422 0.0372622879146911 0.100747507845842
0.0189240947421335 0.0280944767122402 0.101146213578187
0.0080222039103358 -0.00739518620996593 0.100918521999739
-0.040280639960442 0.0240089595788033 0.101514805418568
0.00109506868379868 -0.0476387187055979 0.101084265994888
-0.0262124471293068 -0.0464280708994344 0.101127465309564
-0.0460316025397283 0.0252392829677212 0.100141803253604
0.0145347043075448 0.0217381612535896 0.100057602728298
-0.032739503635641 0.00469813841799053 0.101009559859843
-0.0256123872054746 0.0402183121896559 0.100936399156695
